0 69.0 3.8352360831143376E-4
1 43.0 5.459959952605202E-4
2 15.0 3.831492479728414E-4
3 428.0 3.8352360831143376E-4
4 71.0 3.831492479728414E-4
5 35.0 7.088427425482085E-4
6 57.0 0.0011905900456419607
7 37.0 3.8352360831143376E-4
8 21.0 3.8352360831143376E-4
9 167.0 3.8352360831143376E-4
10 226.0 3.831492479728414E-4
11 12.0 3.831492479728414E-4
12 28.0 3.831492479728414E-4
13 33.0 4.6457262161668023E-4
14 60.0 3.831492479728414E-4
15 70.0 3.831492479728414E-4
16 6.0 3.831492479728414E-4
17 129.0 3.831492479728414E-4
18 71.0 7.088427425481971E-4
19 132.0 3.831492479728414E-4
20 90.0 0.0010214510587714608
21 113.0 3.8352360831143376E-4
22 33.0 3.831492479728414E-4
23 20.0 3.831492479728414E-4
24 31.0 0.001687252933882387
25 25.0 0.004606169924565903
26 50.0 0.0023419338672923343
27 31.0 0.006918384401570964
28 45.0 0.003645663192863268
29 34.0 3.831492479728414E-4
30 18.0 3.8352360831143376E-4
31 10.0 3.831492479728414E-4
32 18.0 0.00254374689313858
33 9.0 3.831492479728414E-4
34 81.0 3.8352360831143376E-4
35 101.0 0.0023532495836483115
36 46.0 3.8352360831143376E-4
37 18.0 3.831492479728414E-4
38 53.0 0.0028928749078628692
39 35.0 3.8352360831143376E-4
40 47.0 3.831492479728414E-4
41 145.0 3.8352360831143376E-4
42 145.0 3.831492479728414E-4
43 161.0 3.8352360831143376E-4
44 49.0 3.8352360831143376E-4
45 15.0 3.8352360831143376E-4
46 144.0 3.8352360831143376E-4
47 20.0 3.831492479728414E-4
48 35.0 3.831492479728414E-4
49 96.0 7.796901039870553E-4
50 62.0 3.831492479728414E-4
51 43.0 3.831492479728414E-4
52 154.0 3.831492479728414E-4
53 60.0 3.831492479728414E-4
54 130.0 6.670264291833664E-4
55 128.0 7.088427425482088E-4
56 10.0 3.831492479728414E-4
57 22.0 3.831492479728414E-4
58 143.0 3.8352360831143376E-4
59 149.0 0.007215789899892924
60 26.0 8.919799442877667E-4
61 20.0 3.831492479728414E-4
62 282.0 7.095353280384787E-4
63 170.0 3.831492479728414E-4
64 59.0 7.095353280384884E-4
65 14.0 3.831492479728414E-4
66 24.0 3.831492479728414E-4
67 99.0 7.095353280384887E-4
68 492.0 3.8352360831143376E-4
69 469.0 0.011560019532328615
70 66.0 0.002021674281775674
71 278.0 3.8352360831143376E-4
72 231.0 6.239586207954501E-4
73 91.0 5.465294681749552E-4
74 153.0 3.8352360831143376E-4
75 62.0 3.8352360831143376E-4
76 9.0 3.831492479728414E-4
77 143.0 3.8352360831143376E-4
78 269.0 3.831492479728414E-4
79 319.0 3.8352360831143376E-4
80 41.0 3.831492479728414E-4
81 361.0 3.8352360831143376E-4
82 117.0 7.971242464348993E-4
83 303.0 3.8352360831143376E-4
84 101.0 3.831492479728414E-4
85 17.0 3.831492479728414E-4
86 51.0 8.557160332595986E-4
87 33.0 0.0011109458053344557
88 119.0 0.0013253340001372976
89 149.0 5.465294681749592E-4
90 329.0 0.00439401158162046
91 87.0 3.831492479728414E-4
92 283.0 3.8352360831143376E-4
93 125.0 3.831492479728414E-4
94 5.0 3.831492479728414E-4
95 78.0 0.00288172972497131
96 13.0 3.831492479728414E-4
97 89.0 3.8352360831143376E-4
98 276.0 0.011009071743894006
99 58.0 5.459959952605184E-4
100 6.0 3.831492479728414E-4
101 15.0 3.8352360831143376E-4
102 102.0 4.482879468879149E-4
103 75.0 4.6457262161668045E-4
104 101.0 4.7841541571510876E-4
105 331.0 3.831492479728414E-4
106 48.0 3.831492479728414E-4
107 16.0 3.8352360831143376E-4
108 19.0 3.831492479728414E-4
109 26.0 3.8352360831143376E-4
110 304.0 3.8352360831143376E-4
111 96.0 3.831492479728414E-4
112 33.0 7.088427425481961E-4
113 33.0 6.739823732209723E-4
114 166.0 0.006548231058610319
115 284.0 0.0048091749034366695
116 237.0 6.616270603170234E-4
117 34.0 0.0010101174308201517
118 41.0 5.465294681749572E-4
119 386.0 0.003439408255798923
120 45.0 3.8352360831143376E-4
121 80.0 3.8352360831143376E-4
122 41.0 3.831492479728414E-4
123 238.0 0.0018811369779191097
124 240.0 4.2967689005503633E-4
125 370.0 3.8352360831143376E-4
126 16.0 3.831492479728414E-4
127 307.0 3.8352360831143376E-4
128 55.0 3.831492479728414E-4
129 16.0 3.831492479728414E-4
130 11.0 3.8352360831143376E-4
131 24.0 3.8352360831143376E-4
132 6.0 3.831492479728414E-4
133 69.0 0.001598266351337649
134 136.0 5.465294681749569E-4
135 98.0 3.831492479728414E-4
136 491.0 7.531172322671467E-4
137 207.0 7.088427425482061E-4
138 54.0 3.831492479728414E-4
139 56.0 5.459959952605229E-4
140 14.0 7.088427425482032E-4
141 7.0 3.8352360831143376E-4
142 36.0 3.831492479728414E-4
143 41.0 0.0014689976165356473
144 27.0 4.2967689005503633E-4
145 19.0 3.8352360831143376E-4
146 29.0 3.831492479728414E-4
147 63.0 6.543218769095342E-4
148 179.0 3.831492479728414E-4
149 30.0 3.831492479728414E-4
150 10.0 3.831492479728414E-4
151 105.0 0.0013949928366366066
152 5.0 0.0020722090416105776
153 195.0 3.8352360831143376E-4
154 173.0 4.917137461646271E-4
155 35.0 3.831492479728414E-4
156 68.0 3.831492479728414E-4
157 3.0 3.831492479728414E-4
158 48.0 3.831492479728414E-4
159 55.0 3.831492479728414E-4
160 46.0 3.831492479728414E-4
161 80.0 3.831492479728414E-4
162 13.0 3.8352360831143376E-4
163 26.0 3.831492479728414E-4
164 65.0 4.6095276093192754E-4
165 7.0 3.831492479728414E-4
166 187.0 3.8352360831143376E-4
167 126.0 3.8352360831143376E-4
168 103.0 0.005453949878088465
169 226.0 4.8656289234211064E-4
170 189.0 3.831492479728414E-4
171 7.0 3.831492479728414E-4
172 31.0 3.831492479728414E-4
173 37.0 3.831492479728414E-4
174 51.0 3.831492479728414E-4
175 112.0 3.831492479728414E-4
176 77.0 4.921941815537833E-4
177 51.0 9.704943320083565E-4
178 31.0 3.831492479728414E-4
179 191.0 3.8352360831143376E-4
180 106.0 7.088427425481961E-4
181 36.0 3.831492479728414E-4
182 335.0 0.0010509333716937873
183 198.0 3.831492479728414E-4
184 85.0 3.8352360831143376E-4
185 81.0 3.831492479728414E-4
186 41.0 3.8352360831143376E-4
187 25.0 3.8352360831143376E-4
188 73.0 5.465294681749549E-4
189 102.0 3.8352360831143376E-4
190 293.0 0.0012530274372691982
191 12.0 3.831492479728414E-4
192 7.0 3.831492479728414E-4
193 154.0 7.781866743976862E-4
194 110.0 3.8352360831143376E-4
195 266.0 3.8352360831143376E-4
196 33.0 3.8352360831143376E-4
197 78.0 3.831492479728414E-4
198 16.0 3.831492479728414E-4
199 355.0 0.00439401158162046
200 11.0 3.831492479728414E-4
201 515.0 0.008587808198331498
202 66.0 0.0014265040386979184
203 47.0 3.8352360831143376E-4
204 57.0 3.831492479728414E-4
205 25.0 3.8352360831143376E-4
206 19.0 3.831492479728414E-4
207 276.0 0.0031963979107726683
208 4.0 3.831492479728414E-4
209 171.0 3.8352360831143376E-4
210 451.0 0.01585459655955401
211 11.0 3.831492479728414E-4
212 15.0 3.831492479728414E-4
213 164.0 0.0031012355030339486
214 135.0 3.831492479728414E-4
215 135.0 4.296768900550368E-4
216 5.0 3.831492479728414E-4
217 22.0 3.831492479728414E-4
218 24.0 4.2967689005503676E-4
219 374.0 0.002021674281775674
220 57.0 3.8352360831143376E-4
221 237.0 0.0012287678336652518
222 5.0 3.831492479728414E-4
223 167.0 0.00414022550344584
224 91.0 3.8352360831143376E-4
225 450.0 0.0038646582564403923
226 218.0 3.8352360831143376E-4
227 116.0 0.0012010775256118007
228 130.0 3.8352360831143376E-4
229 50.0 3.831492479728414E-4
230 36.0 3.831492479728414E-4
231 136.0 0.0012689247112749728
232 131.0 3.831492479728414E-4
233 67.0 3.831492479728414E-4
234 59.0 3.831492479728414E-4
235 45.0 3.8352360831143376E-4
236 16.0 3.8352360831143376E-4
237 82.0 3.8352360831143376E-4
238 46.0 5.46529468174959E-4
239 174.0 5.459959952605202E-4
240 46.0 3.8352360831143376E-4
241 57.0 3.831492479728414E-4
242 325.0 3.8352360831143376E-4
243 4.0 3.831492479728414E-4
244 32.0 3.831492479728414E-4
245 120.0 0.0011109458053344644
246 29.0 0.006292622849863591
247 80.0 3.8352360831143376E-4
248 7.0 3.8352360831143376E-4
249 139.0 7.662268344495774E-4
250 14.0 3.831492479728414E-4
251 112.0 0.004090220484644271
252 291.0 3.8352360831143376E-4
253 67.0 3.8352360831143376E-4
254 11.0 3.831492479728414E-4
255 218.0 3.831492479728414E-4
256 60.0 3.831492479728414E-4
257 80.0 3.8352360831143376E-4
258 88.0 9.617694365147163E-4
259 123.0 3.831492479728414E-4
260 72.0 7.088427425481953E-4
261 290.0 0.001156044008773951
262 19.0 3.831492479728414E-4
263 818.0 3.8352360831143376E-4
264 95.0 3.831492479728414E-4
265 24.0 0.001077983918506273
266 182.0 3.8352360831143376E-4
267 16.0 3.831492479728414E-4
268 27.0 0.006289763336698394
269 222.0 0.0014622009377854442
270 202.0 7.516347136322215E-4
271 158.0 6.670264291833642E-4
272 476.0 3.8352360831143376E-4
273 93.0 3.8352360831143376E-4
274 12.0 3.831492479728414E-4
275 15.0 3.831492479728414E-4
276 410.0 0.00949683646009453
277 288.0 0.009531653500516215
278 12.0 3.8352360831143376E-4
279 249.0 0.002774073741557459
280 623.0 3.8352360831143376E-4
281 294.0 3.8352360831143376E-4
282 54.0 7.088427425481969E-4
283 158.0 0.002296383040107938
284 54.0 3.831492479728414E-4
285 25.0 3.831492479728414E-4
286 75.0 3.831492479728414E-4
287 153.0 6.785043513788566E-4
288 336.0 0.0013279084582077884
289 35.0 3.831492479728414E-4
290 241.0 0.0013044734254764436
291 33.0 3.8352360831143376E-4
292 82.0 5.459959952605185E-4
293 329.0 0.0019741407422425414
294 105.0 3.831492479728414E-4
295 41.0 3.831492479728414E-4
296 96.0 4.650265382431947E-4
297 7.0 3.831492479728414E-4
298 60.0 0.0012909205678397425
299 181.0 3.831492479728414E-4
300 44.0 0.006292622849863591
301 95.0 3.831492479728414E-4
302 166.0 3.8352360831143376E-4
303 61.0 3.831492479728414E-4
304 244.0 8.695821547856902E-4
305 296.0 3.8352360831143376E-4
306 134.0 0.005058306611944899
307 12.0 3.8352360831143376E-4
308 72.0 3.8352360831143376E-4
309 63.0 3.8352360831143376E-4
310 60.0 3.8352360831143376E-4
311 141.0 8.739904969849059E-4
312 260.0 3.831492479728414E-4
313 119.0 5.111997011482033E-4
314 123.0 3.831492479728414E-4
315 91.0 0.0018986964636460964
316 123.0 3.831492479728414E-4
317 67.0 5.590395383654397E-4
318 118.0 0.0019886808477110485
319 84.0 3.831492479728414E-4
320 745.0 0.011517453291206762
321 302.0 0.0022616474304415985
322 18.0 3.8352360831143376E-4
323 15.0 3.8352360831143376E-4
324 68.0 3.8352360831143376E-4
325 125.0 0.0010508774902746845
326 64.0 3.8352360831143376E-4
327 52.0 3.8352360831143376E-4
328 297.0 3.8352360831143376E-4
329 320.0 3.8352360831143376E-4
330 261.0 4.921941815537824E-4
331 314.0 5.465294681749561E-4
332 301.0 8.480985240343946E-4
333 314.0 3.8352360831143376E-4
334 358.0 6.379741325086119E-4
335 262.0 3.8352360831143376E-4
336 282.0 3.8352360831143376E-4
337 249.0 3.831492479728414E-4
338 318.0 0.00507778884732531
339 205.0 7.095353280384777E-4
340 322.0 0.001675555491370807
341 67.0 3.8352360831143376E-4
342 277.0 3.8352360831143376E-4
343 48.0 5.459959952605184E-4
344 255.0 3.8352360831143376E-4
345 307.0 3.8352360831143376E-4
346 67.0 5.459959952605229E-4
347 10.0 3.831492479728414E-4
348 22.0 3.831492479728414E-4
349 375.0 3.8352360831143376E-4
350 216.0 3.8352360831143376E-4
351 107.0 3.831492479728414E-4
352 209.0 7.910382579702388E-4
353 15.0 3.831492479728414E-4
354 55.0 3.831492479728414E-4
355 21.0 3.831492479728414E-4
356 240.0 3.8352360831143376E-4
357 186.0 0.0032484488894176456
358 149.0 3.8352360831143376E-4
359 41.0 4.6095276093192754E-4
360 41.0 3.831492479728414E-4
361 133.0 0.0043043406092975675
362 39.0 3.831492479728414E-4
363 49.0 0.0015126171003717543
364 37.0 8.716894898358905E-4
365 164.0 3.8352360831143376E-4
366 188.0 3.8352360831143376E-4
367 17.0 3.831492479728414E-4
368 65.0 3.8352360831143376E-4
369 145.0 9.178321368306342E-4
370 162.0 0.0047929562324921125
371 21.0 3.831492479728414E-4
372 54.0 7.09535328038477E-4
373 18.0 3.831492479728414E-4
374 27.0 3.8352360831143376E-4
375 238.0 0.0014881474016894772
376 6.0 3.831492479728414E-4
377 19.0 4.9171374616463E-4
378 14.0 3.831492479728414E-4
379 115.0 3.8352360831143376E-4
380 158.0 3.8352360831143376E-4
381 50.0 3.831492479728414E-4
382 106.0 4.6457262161668327E-4
383 104.0 3.831492479728414E-4
384 4.0 3.831492479728414E-4
385 170.0 3.831492479728414E-4
386 11.0 0.0027895722307767997
387 13.0 3.831492479728414E-4
388 24.0 3.831492479728414E-4
389 30.0 3.831492479728414E-4
390 266.0 3.8352360831143376E-4
391 303.0 3.8352360831143376E-4
392 66.0 3.831492479728414E-4
393 15.0 3.831492479728414E-4
394 25.0 3.831492479728414E-4
395 392.0 3.8352360831143376E-4
396 38.0 3.831492479728414E-4
397 7.0 3.831492479728414E-4
398 38.0 3.8352360831143376E-4
399 47.0 3.831492479728414E-4
400 23.0 3.8352360831143376E-4
401 14.0 3.831492479728414E-4
402 39.0 3.8352360831143376E-4
403 15.0 3.8352360831143376E-4
404 304.0 0.003006756019959502
405 52.0 3.831492479728414E-4
406 49.0 3.8352360831143376E-4
407 190.0 0.0013830694176955123
408 243.0 3.831492479728414E-4
409 9.0 3.831492479728414E-4
410 148.0 9.85698624516746E-4
411 370.0 7.095353280384845E-4
412 60.0 3.8352360831143376E-4
413 7.0 3.831492479728414E-4
414 37.0 3.831492479728414E-4
415 161.0 3.8352360831143376E-4
416 173.0 3.831492479728414E-4
417 254.0 5.229860028862106E-4
418 426.0 7.095353280384874E-4
419 57.0 3.8352360831143376E-4
420 131.0 3.8352360831143376E-4
421 423.0 0.003874805571728645
422 217.0 3.831492479728414E-4
423 36.0 3.8352360831143376E-4
424 9.0 3.831492479728414E-4
425 4.0 3.831492479728414E-4
426 120.0 3.831492479728414E-4
427 174.0 3.831492479728414E-4
428 124.0 3.8352360831143376E-4
429 21.0 3.831492479728414E-4
430 3.0 3.831492479728414E-4
431 10.0 3.8352360831143376E-4
432 75.0 3.8352360831143376E-4
433 28.0 3.831492479728414E-4
434 12.0 3.8352360831143376E-4
435 43.0 3.8352360831143376E-4
436 2.0 3.831492479728414E-4
437 105.0 6.850926641708744E-4
438 44.0 3.8352360831143376E-4
439 7.0 3.831492479728414E-4
440 7.0 3.831492479728414E-4
441 129.0 3.831492479728414E-4
442 51.0 3.831492479728414E-4
443 22.0 3.8352360831143376E-4
444 31.0 3.831492479728414E-4
445 62.0 3.831492479728414E-4
446 31.0 3.831492479728414E-4
447 344.0 4.4872595225684485E-4
448 12.0 0.002543746893138515
449 86.0 3.831492479728414E-4
450 161.0 3.8352360831143376E-4
451 14.0 3.831492479728414E-4
452 435.0 5.839990401541411E-4
453 222.0 0.0010829522653633796
454 457.0 5.931025709931101E-4
455 6.0 3.831492479728414E-4
456 113.0 3.8352360831143376E-4
457 68.0 3.8352360831143376E-4
458 237.0 0.008387443406186967
459 16.0 3.831492479728414E-4
460 59.0 5.465294681749592E-4
461 23.0 3.8352360831143376E-4
462 37.0 3.8352360831143376E-4
463 197.0 3.831492479728414E-4
464 57.0 3.831492479728414E-4
465 32.0 3.831492479728414E-4
466 24.0 3.8352360831143376E-4
467 31.0 3.8352360831143376E-4
468 32.0 3.8352360831143376E-4
469 23.0 3.831492479728414E-4
470 40.0 4.482879468879149E-4
471 45.0 3.831492479728414E-4
472 140.0 0.004236682682650964
473 19.0 3.831492479728414E-4
474 14.0 3.831492479728414E-4
475 362.0 3.831492479728414E-4
476 9.0 3.831492479728414E-4
477 110.0 7.088427425482071E-4
478 122.0 0.002443466862403311
479 10.0 3.831492479728414E-4
480 21.0 3.831492479728414E-4
481 343.0 0.00449486898330707
482 186.0 4.921941815537819E-4
483 27.0 7.789470193457062E-4
484 123.0 3.831492479728414E-4
485 22.0 3.8352360831143376E-4
486 113.0 8.480985240343988E-4
487 84.0 3.8352360831143376E-4
488 23.0 3.831492479728414E-4
489 56.0 3.831492479728414E-4
490 69.0 0.007160728282694725
491 232.0 6.545604934523043E-4
492 89.0 0.004524856347126927
493 46.0 3.831492479728414E-4
494 196.0 3.831492479728414E-4
495 18.0 0.002543746893138564
496 19.0 0.002543746893138564
497 87.0 4.921941815537854E-4
498 39.0 3.831492479728414E-4
499 59.0 3.831492479728414E-4
500 97.0 0.0028957022092915515
501 23.0 3.831492479728414E-4
502 60.0 3.831492479728414E-4
503 35.0 3.831492479728414E-4
504 205.0 3.8352360831143376E-4
505 21.0 3.831492479728414E-4
506 28.0 3.831492479728414E-4
507 16.0 3.831492479728414E-4
508 94.0 3.831492479728414E-4
509 40.0 8.182059012808375E-4
510 64.0 6.670264291833704E-4
511 68.0 3.831492479728414E-4
512 38.0 3.831492479728414E-4
513 114.0 7.861963151414786E-4
514 25.0 3.831492479728414E-4
515 408.0 0.008065459504263382
516 32.0 3.831492479728414E-4
517 88.0 3.831492479728414E-4
518 24.0 3.831492479728414E-4
519 158.0 0.0011608171010669271
520 110.0 8.480985240343968E-4
521 24.0 3.8352360831143376E-4
522 20.0 7.08842742548199E-4
523 99.0 3.831492479728414E-4
524 102.0 3.831492479728414E-4
525 113.0 3.8352360831143376E-4
526 83.0 4.921941815537824E-4
527 16.0 3.8352360831143376E-4
528 39.0 0.0014057486827783968
529 82.0 0.0013029268529810012
530 279.0 0.0024674386341056315
531 16.0 3.831492479728414E-4
532 696.0 3.831492479728414E-4
533 239.0 0.006261530599232313
534 17.0 3.8352360831143376E-4
535 64.0 3.8352360831143376E-4
536 452.0 0.009321920134771103
537 37.0 3.8352360831143376E-4
538 5.0 3.831492479728414E-4
539 5.0 3.831492479728414E-4
540 10.0 3.831492479728414E-4
541 24.0 3.831492479728414E-4
542 23.0 3.831492479728414E-4
543 1772.0 3.831492479728414E-4
544 105.0 3.8352360831143376E-4
545 115.0 3.831492479728414E-4
546 26.0 3.831492479728414E-4
547 24.0 3.831492479728414E-4
548 501.0 3.831492479728414E-4
549 44.0 3.831492479728414E-4
550 24.0 3.831492479728414E-4
551 16.0 3.831492479728414E-4
552 17.0 3.831492479728414E-4
553 11.0 3.8352360831143376E-4
554 30.0 3.8352360831143376E-4
555 90.0 3.831492479728414E-4
556 31.0 3.831492479728414E-4
557 27.0 3.831492479728414E-4
558 65.0 3.831492479728414E-4
559 396.0 6.678958164928219E-4
560 52.0 3.8352360831143376E-4
561 182.0 0.005106313135642629
562 3.0 3.831492479728414E-4
563 142.0 7.125044799388484E-4
564 119.0 3.8352360831143376E-4
565 38.0 3.831492479728414E-4
566 29.0 3.8352360831143376E-4
567 662.0 0.003587714760042341
568 281.0 3.8352360831143376E-4
569 295.0 3.8352360831143376E-4
570 298.0 3.831492479728414E-4
571 312.0 3.8352360831143376E-4
572 278.0 3.8352360831143376E-4
573 377.0 0.00550723309780965
574 464.0 0.001166567002180294
575 122.0 3.8352360831143376E-4
576 13.0 3.831492479728414E-4
577 97.0 3.831492479728414E-4
578 158.0 7.095353280384797E-4
579 35.0 3.831492479728414E-4
580 39.0 3.831492479728414E-4
581 154.0 0.0014592350377139371
582 38.0 3.831492479728414E-4
583 42.0 3.8352360831143376E-4
584 138.0 3.831492479728414E-4
585 34.0 5.482970024095475E-4
586 36.0 3.831492479728414E-4
587 140.0 3.8352360831143376E-4
588 290.0 3.8352360831143376E-4
589 15.0 3.831492479728414E-4
590 85.0 3.831492479728414E-4
591 25.0 3.831492479728414E-4
592 15.0 3.831492479728414E-4
593 15.0 3.831492479728414E-4
594 268.0 3.8352360831143376E-4
595 258.0 7.095353280384891E-4
596 22.0 3.831492479728414E-4
597 450.0 6.543218769095342E-4
598 84.0 3.8352360831143376E-4
599 12.0 3.831492479728414E-4
600 121.0 7.09535328038485E-4
601 15.0 3.831492479728414E-4
602 54.0 3.831492479728414E-4
603 269.0 9.479399454709253E-4
604 101.0 3.8352360831143376E-4
605 461.0 3.8352360831143376E-4
606 81.0 3.831492479728414E-4
607 28.0 3.831492479728414E-4
608 32.0 3.831492479728414E-4
609 211.0 4.917137461646273E-4
610 107.0 0.0020980039239185764
611 139.0 3.8352360831143376E-4
612 58.0 3.8352360831143376E-4
613 31.0 3.831492479728414E-4
614 43.0 3.831492479728414E-4
615 64.0 3.831492479728414E-4
616 227.0 3.831492479728414E-4
617 13.0 3.831492479728414E-4
618 64.0 3.831492479728414E-4
619 354.0 3.8352360831143376E-4
620 7.0 3.831492479728414E-4
621 82.0 3.831492479728414E-4
622 68.0 3.8352360831143376E-4
623 50.0 0.0014201652531335368
624 131.0 0.009674136863560721
625 64.0 3.831492479728414E-4
626 109.0 0.0024228323178066653
627 24.0 3.831492479728414E-4
628 39.0 0.001320794326106172
629 89.0 4.9171374616463E-4
630 59.0 3.831492479728414E-4
631 19.0 3.831492479728414E-4
632 242.0 0.0013042002142231546
633 21.0 3.831492479728414E-4
634 12.0 3.831492479728414E-4
635 264.0 0.0010036082026178982
636 68.0 3.8352360831143376E-4
637 112.0 3.8352360831143376E-4
638 138.0 6.007953145575731E-4
639 94.0 3.831492479728414E-4
640 30.0 3.831492479728414E-4
641 73.0 3.8352360831143376E-4
642 46.0 3.831492479728414E-4
643 19.0 0.0028379773767071236
644 6.0 3.8352360831143376E-4
645 14.0 3.831492479728414E-4
646 358.0 5.430398490491982E-4
647 29.0 3.831492479728414E-4
648 48.0 3.831492479728414E-4
649 39.0 4.917137461646271E-4
650 6.0 3.831492479728414E-4
651 38.0 3.831492479728414E-4
652 70.0 6.670264291833685E-4
653 269.0 6.213607974132248E-4
654 263.0 0.0018606993532184082
655 255.0 0.032539979994752076
656 104.0 0.01828414329779002
657 181.0 0.004219360712304506
658 472.0 0.02097835062472462
659 40.0 3.8352360831143376E-4
660 34.0 3.831492479728414E-4
661 397.0 0.017727362923737475
662 157.0 3.8352360831143376E-4
663 78.0 0.00315783686106923
664 236.0 3.8352360831143376E-4
665 20.0 0.0028957022092915515
666 332.0 3.8352360831143376E-4
667 99.0 0.0014031348723753186
668 39.0 3.831492479728414E-4
669 36.0 3.831492479728414E-4
670 198.0 0.00856052874492478
671 267.0 0.009034771223689115
672 36.0 3.8352360831143376E-4
673 118.0 0.0023854754294981503
674 16.0 3.8352360831143376E-4
675 286.0 3.8352360831143376E-4
676 322.0 4.6502653824319763E-4
677 394.0 3.831492479728414E-4
678 62.0 0.004026631779662744
679 61.0 3.831492479728414E-4
680 240.0 3.8352360831143376E-4
681 182.0 3.8352360831143376E-4
682 87.0 0.0033020159451372
683 118.0 0.00198863971480254
684 12.0 5.459959952605184E-4
685 336.0 0.002777075696002508
686 69.0 3.831492479728414E-4
687 41.0 3.831492479728414E-4
688 139.0 5.762722177125252E-4
689 139.0 3.8352360831143376E-4
690 314.0 3.8352360831143376E-4
691 85.0 0.009432786901004943
692 102.0 8.716894898358739E-4
693 136.0 6.552000414173038E-4
694 70.0 0.004174758780434618
695 164.0 0.0011109458053344618
696 141.0 0.003983833198159498
697 218.0 9.556999348964405E-4
698 259.0 7.088427425481969E-4
699 33.0 3.831492479728414E-4
700 297.0 3.8352360831143376E-4
701 154.0 0.008134912376987503
702 75.0 8.557160332596023E-4
703 128.0 3.831492479728414E-4
704 161.0 0.01581652837002117
705 51.0 3.8352360831143376E-4
706 28.0 3.831492479728414E-4
707 21.0 3.831492479728414E-4
708 69.0 3.831492479728414E-4
709 28.0 3.831492479728414E-4
710 146.0 6.849427909548737E-4
711 26.0 3.8352360831143376E-4
712 33.0 3.831492479728414E-4
713 260.0 0.0010355470477655473
714 52.0 7.534074088006144E-4
715 141.0 9.302512513147793E-4
716 128.0 5.59585756827963E-4
717 40.0 3.831492479728414E-4
718 25.0 0.017071579646357256
719 339.0 0.007727261031835554
720 298.0 3.831492479728414E-4
721 57.0 6.802497967284509E-4
722 57.0 7.088427425482019E-4
723 342.0 3.8352360831143376E-4
724 5.0 3.8352360831143376E-4
725 36.0 0.003637503712725533
726 283.0 3.8352360831143376E-4
727 273.0 3.8352360831143376E-4
728 275.0 3.8352360831143376E-4
729 28.0 3.831492479728414E-4
730 180.0 3.8352360831143376E-4
731 414.0 3.8352360831143376E-4
732 62.0 3.831492479728414E-4
733 258.0 3.8352360831143376E-4
734 23.0 3.8352360831143376E-4
735 127.0 0.0027504621652065585
736 107.0 8.748712231772485E-4
737 136.0 3.8352360831143376E-4
738 269.0 3.8352360831143376E-4
739 23.0 3.8352360831143376E-4
740 54.0 3.831492479728414E-4
741 144.0 3.831492479728414E-4
742 89.0 3.8352360831143376E-4
743 76.0 3.831492479728414E-4
744 25.0 3.831492479728414E-4
745 26.0 4.2967689005503666E-4
746 15.0 3.831492479728414E-4
747 90.0 3.831492479728414E-4
748 104.0 3.8352360831143376E-4
749 24.0 3.831492479728414E-4
750 34.0 3.831492479728414E-4
751 69.0 0.0022306377603440136
752 398.0 4.3009671112958456E-4
753 210.0 0.002134705696187642
754 231.0 0.0010746626256993074
755 63.0 3.8352360831143376E-4
756 220.0 0.0011109458053344652
757 9.0 3.8352360831143376E-4
758 338.0 0.016906105780966105
759 294.0 3.8352360831143376E-4
760 54.0 3.831492479728414E-4
761 329.0 0.008186077028617084
762 378.0 3.8352360831143376E-4
763 18.0 3.831492479728414E-4
764 7.0 3.831492479728414E-4
765 28.0 7.088427425482061E-4
766 48.0 3.831492479728414E-4
767 44.0 3.831492479728414E-4
768 280.0 0.0021673122085673676
769 27.0 3.8352360831143376E-4
770 607.0 0.03474988436831871
771 73.0 3.8352360831143376E-4
772 37.0 3.831492479728414E-4
773 33.0 8.557160332596093E-4
774 175.0 3.8352360831143376E-4
775 113.0 3.831492479728414E-4
776 98.0 3.831492479728414E-4
777 318.0 0.0046045504164640896
778 118.0 3.831492479728414E-4
779 33.0 0.003637503712725533
780 15.0 3.8352360831143376E-4
781 6.0 3.831492479728414E-4
782 172.0 0.006292622849863591
783 40.0 3.8352360831143376E-4
784 40.0 3.8352360831143376E-4
785 20.0 3.8352360831143376E-4
786 43.0 3.831492479728414E-4
787 33.0 3.831492479728414E-4
788 206.0 3.8352360831143376E-4
789 51.0 3.831492479728414E-4
790 19.0 4.645726216166832E-4
791 60.0 3.831492479728414E-4
792 120.0 3.831492479728414E-4
793 113.0 6.981392858116317E-4
794 22.0 3.831492479728414E-4
795 8.0 3.831492479728414E-4
796 26.0 3.831492479728414E-4
797 76.0 3.831492479728414E-4
798 161.0 3.8352360831143376E-4
799 78.0 3.8352360831143376E-4
800 18.0 3.8352360831143376E-4
801 41.0 3.8352360831143376E-4
802 16.0 3.8352360831143376E-4
803 26.0 3.8352360831143376E-4
804 28.0 3.831492479728414E-4
805 9.0 3.831492479728414E-4
806 35.0 3.831492479728414E-4
807 36.0 3.831492479728414E-4
808 66.0 3.8352360831143376E-4
809 7.0 3.831492479728414E-4
810 38.0 3.831492479728414E-4
811 49.0 3.831492479728414E-4
812 105.0 3.831492479728414E-4
813 36.0 3.831492479728414E-4
814 16.0 3.8352360831143376E-4
815 10.0 3.8352360831143376E-4
816 102.0 3.831492479728414E-4
817 272.0 0.0027031005238642896
818 265.0 3.831492479728414E-4
819 50.0 7.088427425481987E-4
820 114.0 3.831492479728414E-4
821 15.0 5.59585756827965E-4
822 26.0 3.831492479728414E-4
823 19.0 3.8352360831143376E-4
824 23.0 6.213607974132268E-4
825 334.0 0.0028229117148732136
826 21.0 3.8352360831143376E-4
827 43.0 3.831492479728414E-4
828 20.0 3.8352360831143376E-4
829 39.0 3.8352360831143376E-4
830 101.0 6.802497967284509E-4
831 68.0 3.831492479728414E-4
832 43.0 0.003029112243591336
833 312.0 3.8352360831143376E-4
834 255.0 0.001104448556175629
835 44.0 3.831492479728414E-4
836 43.0 3.8352360831143376E-4
837 7.0 3.831492479728414E-4
838 231.0 0.0010941661717195818
839 2.0 3.831492479728414E-4
840 219.0 0.0018880021329416201
841 44.0 3.831492479728414E-4
842 80.0 3.831492479728414E-4
843 92.0 3.8352360831143376E-4
844 21.0 4.650265382431947E-4
845 214.0 3.8352360831143376E-4
846 29.0 3.8352360831143376E-4
847 36.0 3.831492479728414E-4
848 247.0 3.831492479728414E-4
849 61.0 3.8352360831143376E-4
850 29.0 3.831492479728414E-4
851 70.0 3.8352360831143376E-4
852 28.0 3.8352360831143376E-4
853 31.0 3.8352360831143376E-4
854 20.0 3.8352360831143376E-4
855 24.0 3.8352360831143376E-4
856 68.0 3.831492479728414E-4
857 129.0 0.002493323928294415
858 199.0 3.8352360831143376E-4
859 5.0 3.831492479728414E-4
860 163.0 3.8352360831143376E-4
861 4.0 3.831492479728414E-4
862 134.0 7.09535328038484E-4
863 24.0 3.8352360831143376E-4
864 83.0 3.8352360831143376E-4
865 38.0 3.831492479728414E-4
866 100.0 3.831492479728414E-4
867 28.0 3.831492479728414E-4
868 5.0 3.831492479728414E-4
869 158.0 3.831492479728414E-4
870 188.0 9.450165518903892E-4
